	10000.00	20000.00	30000.00	40000.00	50000.00	60000.00	70000.00	80000.00	90000.00	100000.00	110000.00	120000.00	130000.00	140000.00	150000.00	160000.00	170000.00	180000.00	190000.00	200000.00
-180.00	0.00	0.00	0.00	0.00	0.00	0.00	0.00	0.00	0.00	0.00	0.00	0.00	0.00	0.00	0.00	0.00	0.00	0.00	0.00	0.00
-179.00	0.03	0.06	0.10	0.11	0.12	0.13	0.15	0.15	0.18	0.21	0.22	0.22	0.20	0.18	0.17	0.15	0.14	0.13	0.13	0.12
-178.00	0.06	0.12	0.19	0.21	0.24	0.25	0.29	0.30	0.37	0.41	0.44	0.44	0.39	0.36	0.33	0.30	0.28	0.27	0.25	0.25
-177.00	0.09	0.18	0.28	0.32	0.36	0.38	0.44	0.45	0.55	0.61	0.65	0.64	0.58	0.53	0.49	0.45	0.42	0.39	0.37	0.36
-176.00	0.11	0.24	0.37	0.42	0.47	0.49	0.56	0.58	0.70	0.78	0.82	0.80	0.73	0.66	0.61	0.56	0.52	0.49	0.47	0.45
-175.00	0.14	0.29	0.44	0.49	0.55	0.57	0.64	0.65	0.77	0.84	0.87	0.86	0.78	0.72	0.67	0.61	0.58	0.54	0.52	0.50
-174.00	0.17	0.33	0.48	0.53	0.58	0.60	0.66	0.66	0.75	0.80	0.81	0.80	0.74	0.69	0.65	0.61	0.58	0.55	0.53	0.51
-173.00	0.20	0.36	0.50	0.53	0.57	0.58	0.62	0.62	0.68	0.70	0.71	0.69	0.66	0.62	0.60	0.57	0.54	0.52	0.51	0.50
-172.00	0.23	0.38	0.49	0.51	0.53	0.54	0.57	0.57	0.60	0.61	0.61	0.60	0.58	0.56	0.54	0.52	0.51	0.49	0.48	0.47
-171.00	0.26	0.40	0.47	0.49	0.50	0.51	0.52	0.52	0.54	0.54	0.54	0.54	0.52	0.51	0.50	0.49	0.48	0.47	0.46	0.46
-170.00	0.29	0.41	0.46	0.47	0.48	0.48	0.49	0.49	0.50	0.50	0.50	0.50	0.49	0.48	0.48	0.47	0.46	0.46	0.45	0.45
-169.00	0.32	0.43	0.46	0.47	0.47	0.47	0.48	0.48	0.48	0.48	0.48	0.48	0.48	0.47	0.47	0.46	0.46	0.46	0.45	0.45
-168.00	0.35	0.44	0.47	0.47	0.47	0.47	0.48	0.48	0.48	0.48	0.48	0.48	0.47	0.47	0.47	0.47	0.46	0.46	0.46	0.46
-167.00	0.37	0.46	0.48	0.48	0.48	0.48	0.48	0.48	0.48	0.48	0.48	0.48	0.48	0.48	0.48	0.48	0.47	0.47	0.47	0.47
-166.00	0.40	0.48	0.49	0.49	0.49	0.49	0.49	0.49	0.49	0.50	0.49	0.49	0.49	0.49	0.49	0.49	0.49	0.49	0.49	0.49
-165.00	0.43	0.50	0.51	0.51	0.51	0.51	0.51	0.51	0.51	0.51	0.51	0.51	0.51	0.51	0.51	0.51	0.50	0.50	0.50	0.50
-164.00	0.49	0.52	0.52	0.53	0.53	0.53	0.53	0.53	0.53	0.53	0.53	0.53	0.53	0.53	0.52	0.52	0.52	0.52	0.52	0.52
-163.00	0.51	0.54	0.54	0.54	0.54	0.54	0.55	0.55	0.55	0.55	0.55	0.55	0.55	0.54	0.54	0.54	0.54	0.54	0.54	0.54
-162.00	0.54	0.56	0.56	0.56	0.56	0.56	0.57	0.57	0.57	0.57	0.57	0.57	0.56	0.56	0.56	0.56	0.56	0.56	0.56	0.56
-161.00	0.56	0.58	0.58	0.58	0.59	0.59	0.59	0.59	0.59	0.59	0.59	0.59	0.59	0.59	0.58	0.58	0.58	0.58	0.58	0.58
-160.00	0.59	0.60	0.61	0.61	0.61	0.61	0.61	0.61	0.61	0.61	0.61	0.61	0.61	0.61	0.61	0.61	0.61	0.60	0.60	0.60
-159.00	0.61	0.62	0.63	0.63	0.63	0.63	0.63	0.63	0.63	0.63	0.63	0.63	0.63	0.63	0.63	0.63	0.63	0.63	0.63	0.63
-158.00	0.63	0.64	0.65	0.65	0.65	0.65	0.65	0.65	0.65	0.65	0.65	0.65	0.65	0.65	0.65	0.65	0.65	0.65	0.65	0.65
-157.00	0.65	0.66	0.66	0.66	0.66	0.66	0.66	0.66	0.66	0.66	0.66	0.66	0.66	0.66	0.66	0.66	0.66	0.66	0.66	0.66
-156.00	0.67	0.68	0.68	0.68	0.68	0.68	0.68	0.68	0.68	0.68	0.68	0.68	0.68	0.68	0.68	0.68	0.68	0.68	0.68	0.68
-155.00	0.69	0.70	0.70	0.70	0.70	0.70	0.70	0.70	0.70	0.70	0.70	0.70	0.70	0.70	0.70	0.70	0.70	0.70	0.70	0.70
-154.00	0.71	0.72	0.72	0.72	0.72	0.72	0.72	0.72	0.72	0.72	0.72	0.72	0.72	0.72	0.72	0.72	0.72	0.72	0.72	0.72
-153.00	0.73	0.74	0.74	0.74	0.74	0.74	0.74	0.74	0.74	0.74	0.74	0.74	0.74	0.74	0.74	0.74	0.74	0.74	0.74	0.74
-152.00	0.74	0.75	0.75	0.75	0.75	0.75	0.75	0.75	0.75	0.75	0.75	0.75	0.75	0.75	0.75	0.75	0.75	0.75	0.75	0.75
-151.00	0.76	0.77	0.77	0.77	0.77	0.77	0.77	0.77	0.77	0.77	0.77	0.77	0.77	0.77	0.77	0.77	0.77	0.77	0.77	0.77
-150.00	0.77	0.78	0.78	0.78	0.78	0.78	0.78	0.78	0.78	0.78	0.78	0.78	0.78	0.78	0.78	0.78	0.78	0.78	0.78	0.78
-149.00	0.79	0.79	0.79	0.79	0.79	0.79	0.79	0.79	0.79	0.79	0.79	0.79	0.79	0.79	0.79	0.79	0.79	0.79	0.79	0.79
-148.00	0.80	0.80	0.80	0.80	0.80	0.80	0.80	0.80	0.80	0.80	0.80	0.80	0.80	0.80	0.80	0.80	0.80	0.80	0.80	0.80
-147.00	0.81	0.81	0.81	0.81	0.81	0.81	0.81	0.81	0.81	0.81	0.81	0.81	0.81	0.81	0.81	0.81	0.81	0.81	0.81	0.81
-146.00	0.82	0.82	0.82	0.82	0.82	0.82	0.82	0.82	0.82	0.82	0.82	0.82	0.82	0.82	0.82	0.82	0.82	0.82	0.82	0.82
-145.00	0.83	0.83	0.83	0.83	0.83	0.83	0.83	0.83	0.83	0.83	0.83	0.83	0.83	0.83	0.83	0.83	0.83	0.83	0.83	0.83
-144.00	0.84	0.84	0.84	0.84	0.84	0.84	0.84	0.84	0.84	0.84	0.84	0.84	0.84	0.84	0.84	0.84	0.84	0.84	0.84	0.84
-143.00	0.84	0.85	0.85	0.85	0.85	0.84	0.84	0.84	0.84	0.84	0.84	0.84	0.84	0.85	0.85	0.85	0.85	0.85	0.85	0.85
-142.00	0.85	0.85	0.85	0.85	0.85	0.85	0.85	0.85	0.85	0.85	0.85	0.85	0.85	0.85	0.85	0.85	0.85	0.85	0.85	0.85
-141.00	0.85	0.85	0.85	0.85	0.85	0.85	0.85	0.85	0.85	0.85	0.85	0.85	0.85	0.85	0.85	0.85	0.85	0.85	0.85	0.85
-140.00	0.85	0.86	0.86	0.86	0.86	0.86	0.86	0.86	0.86	0.86	0.86	0.86	0.86	0.86	0.86	0.86	0.86	0.86	0.86	0.86
-139.00	0.86	0.86	0.86	0.86	0.86	0.86	0.86	0.86	0.86	0.86	0.86	0.86	0.86	0.86	0.86	0.86	0.86	0.86	0.86	0.86
-138.00	0.86	0.86	0.86	0.86	0.86	0.86	0.86	0.86	0.86	0.86	0.86	0.86	0.86	0.86	0.86	0.86	0.86	0.86	0.86	0.86
-137.00	0.86	0.86	0.86	0.86	0.86	0.86	0.86	0.86	0.86	0.86	0.86	0.86	0.86	0.86	0.86	0.86	0.86	0.86	0.86	0.86
-136.00	0.85	0.86	0.86	0.86	0.86	0.86	0.86	0.86	0.86	0.86	0.86	0.86	0.86	0.86	0.86	0.86	0.86	0.86	0.86	0.86
-135.00	0.85	0.85	0.85	0.85	0.85	0.85	0.85	0.85	0.85	0.85	0.85	0.85	0.85	0.85	0.85	0.85	0.85	0.85	0.85	0.85
-134.00	0.85	0.85	0.85	0.85	0.85	0.85	0.85	0.85	0.85	0.85	0.85	0.85	0.85	0.85	0.85	0.85	0.85	0.85	0.85	0.85
-133.00	0.84	0.84	0.84	0.84	0.84	0.84	0.84	0.84	0.84	0.84	0.84	0.84	0.84	0.84	0.84	0.84	0.84	0.84	0.84	0.84
-132.00	0.83	0.84	0.84	0.84	0.84	0.84	0.84	0.84	0.84	0.84	0.84	0.84	0.84	0.84	0.84	0.84	0.84	0.84	0.84	0.84
-131.00	0.83	0.83	0.83	0.83	0.83	0.83	0.83	0.83	0.83	0.83	0.83	0.83	0.83	0.83	0.83	0.83	0.83	0.83	0.83	0.83
-130.00	0.82	0.82	0.82	0.82	0.82	0.82	0.82	0.82	0.82	0.82	0.82	0.82	0.82	0.82	0.82	0.82	0.82	0.82	0.82	0.82
-129.00	0.81	0.81	0.81	0.81	0.81	0.81	0.81	0.81	0.81	0.81	0.81	0.81	0.81	0.81	0.81	0.81	0.81	0.81	0.81	0.81
-128.00	0.80	0.80	0.80	0.80	0.80	0.80	0.80	0.80	0.80	0.80	0.80	0.80	0.80	0.80	0.80	0.80	0.80	0.80	0.80	0.80
-127.00	0.79	0.79	0.79	0.79	0.79	0.79	0.79	0.79	0.79	0.79	0.79	0.79	0.79	0.79	0.79	0.79	0.79	0.79	0.79	0.79
-126.00	0.77	0.77	0.77	0.77	0.77	0.77	0.77	0.77	0.77	0.77	0.77	0.77	0.77	0.77	0.77	0.77	0.77	0.77	0.77	0.77
-125.00	0.76	0.76	0.76	0.76	0.76	0.76	0.76	0.76	0.76	0.76	0.76	0.76	0.76	0.76	0.76	0.76	0.76	0.76	0.76	0.76
-124.00	0.74	0.75	0.75	0.75	0.75	0.75	0.75	0.75	0.75	0.75	0.75	0.75	0.75	0.75	0.75	0.75	0.75	0.75	0.75	0.75
-123.00	0.73	0.73	0.73	0.73	0.73	0.73	0.73	0.73	0.73	0.73	0.73	0.73	0.73	0.73	0.73	0.73	0.73	0.73	0.73	0.73
-122.00	0.71	0.71	0.71	0.71	0.71	0.71	0.71	0.71	0.71	0.71	0.71	0.71	0.71	0.71	0.71	0.71	0.71	0.71	0.71	0.71
-121.00	0.69	0.69	0.69	0.69	0.69	0.69	0.69	0.69	0.69	0.69	0.69	0.69	0.69	0.69	0.69	0.69	0.69	0.69	0.69	0.69
-120.00	0.67	0.68	0.68	0.68	0.68	0.68	0.68	0.68	0.68	0.68	0.68	0.68	0.68	0.68	0.68	0.68	0.68	0.68	0.68	0.68
-119.00	0.65	0.66	0.66	0.66	0.66	0.66	0.66	0.66	0.66	0.66	0.66	0.66	0.66	0.66	0.66	0.66	0.66	0.66	0.66	0.66
-118.00	0.63	0.64	0.64	0.64	0.64	0.64	0.64	0.64	0.64	0.64	0.64	0.64	0.64	0.64	0.64	0.64	0.64	0.64	0.64	0.64
-117.00	0.61	0.61	0.61	0.61	0.61	0.61	0.61	0.61	0.61	0.61	0.61	0.61	0.61	0.61	0.61	0.61	0.61	0.61	0.61	0.61
-116.00	0.59	0.59	0.59	0.59	0.59	0.59	0.59	0.59	0.59	0.59	0.59	0.59	0.59	0.59	0.59	0.59	0.59	0.59	0.59	0.59
-115.00	0.57	0.57	0.57	0.57	0.57	0.57	0.57	0.57	0.57	0.57	0.57	0.57	0.57	0.57	0.57	0.57	0.57	0.57	0.57	0.57
-114.00	0.54	0.55	0.55	0.55	0.55	0.55	0.55	0.55	0.55	0.55	0.55	0.55	0.55	0.55	0.55	0.55	0.55	0.55	0.55	0.55
-113.00	0.52	0.52	0.52	0.52	0.52	0.52	0.52	0.52	0.52	0.52	0.52	0.52	0.52	0.52	0.52	0.52	0.52	0.52	0.52	0.52
-112.00	0.50	0.50	0.50	0.50	0.50	0.50	0.50	0.50	0.50	0.50	0.50	0.50	0.50	0.50	0.50	0.50	0.50	0.50	0.50	0.50
-111.00	0.47	0.47	0.47	0.47	0.47	0.47	0.47	0.47	0.47	0.47	0.47	0.47	0.47	0.47	0.47	0.47	0.47	0.47	0.47	0.47
-110.00	0.44	0.45	0.45	0.45	0.45	0.45	0.45	0.45	0.45	0.45	0.45	0.45	0.45	0.45	0.45	0.45	0.45	0.45	0.45	0.45
-109.00	0.42	0.42	0.42	0.42	0.42	0.42	0.42	0.42	0.42	0.42	0.42	0.42	0.42	0.42	0.42	0.42	0.42	0.42	0.42	0.42
-108.00	0.39	0.39	0.39	0.39	0.39	0.39	0.39	0.39	0.39	0.39	0.39	0.39	0.39	0.39	0.39	0.39	0.39	0.39	0.39	0.39
-107.00	0.36	0.36	0.36	0.36	0.36	0.36	0.36	0.36	0.36	0.36	0.36	0.36	0.36	0.36	0.36	0.36	0.36	0.36	0.36	0.36
-106.00	0.34	0.34	0.34	0.34	0.34	0.34	0.34	0.34	0.34	0.34	0.34	0.34	0.34	0.34	0.34	0.34	0.34	0.34	0.34	0.34
-105.00	0.31	0.31	0.31	0.31	0.31	0.31	0.31	0.31	0.31	0.31	0.31	0.31	0.31	0.31	0.31	0.31	0.31	0.31	0.31	0.31
-104.00	0.28	0.28	0.28	0.28	0.28	0.28	0.28	0.28	0.28	0.28	0.28	0.28	0.28	0.28	0.28	0.28	0.28	0.28	0.28	0.28
-103.00	0.25	0.25	0.25	0.25	0.25	0.25	0.25	0.25	0.25	0.25	0.25	0.25	0.25	0.25	0.25	0.25	0.25	0.25	0.25	0.25
-102.00	0.22	0.22	0.22	0.22	0.22	0.22	0.22	0.22	0.22	0.22	0.22	0.22	0.22	0.22	0.22	0.22	0.22	0.22	0.22	0.22
-101.00	0.19	0.19	0.19	0.19	0.19	0.19	0.19	0.19	0.19	0.19	0.19	0.19	0.19	0.19	0.19	0.19	0.19	0.19	0.19	0.19
-100.00	0.16	0.16	0.16	0.16	0.16	0.16	0.16	0.16	0.16	0.16	0.16	0.16	0.16	0.16	0.16	0.16	0.16	0.16	0.16	0.16
-99.00	0.13	0.13	0.13	0.13	0.13	0.13	0.13	0.13	0.13	0.13	0.13	0.13	0.13	0.13	0.13	0.13	0.13	0.13	0.13	0.13
-98.00	0.10	0.10	0.10	0.10	0.10	0.10	0.10	0.10	0.10	0.10	0.10	0.10	0.10	0.10	0.10	0.10	0.10	0.10	0.10	0.10
-97.00	0.07	0.07	0.07	0.07	0.07	0.07	0.07	0.07	0.07	0.07	0.07	0.07	0.07	0.07	0.07	0.07	0.07	0.07	0.07	0.07
-96.00	0.04	0.04	0.04	0.04	0.04	0.04	0.04	0.04	0.04	0.04	0.04	0.04	0.04	0.04	0.04	0.04	0.04	0.04	0.04	0.04
-95.00	0.01	0.01	0.01	0.01	0.01	0.01	0.01	0.01	0.01	0.01	0.01	0.01	0.01	0.01	0.01	0.01	0.01	0.01	0.01	0.01
-94.00	-0.02	-0.02	-0.02	-0.02	-0.02	-0.02	-0.02	-0.02	-0.02	-0.02	-0.02	-0.02	-0.02	-0.02	-0.02	-0.02	-0.02	-0.02	-0.02	-0.02
-93.00	-0.05	-0.05	-0.05	-0.05	-0.05	-0.05	-0.05	-0.05	-0.05	-0.05	-0.05	-0.05	-0.05	-0.05	-0.05	-0.05	-0.05	-0.05	-0.05	-0.05
-92.00	-0.08	-0.08	-0.08	-0.08	-0.08	-0.08	-0.08	-0.08	-0.08	-0.08	-0.08	-0.08	-0.08	-0.08	-0.08	-0.08	-0.08	-0.08	-0.08	-0.08
-91.00	-0.11	-0.11	-0.11	-0.11	-0.11	-0.11	-0.11	-0.11	-0.11	-0.11	-0.11	-0.11	-0.11	-0.11	-0.11	-0.11	-0.11	-0.11	-0.11	-0.11
-90.00	-0.14	-0.14	-0.14	-0.14	-0.14	-0.14	-0.14	-0.14	-0.14	-0.14	-0.14	-0.14	-0.14	-0.14	-0.14	-0.14	-0.14	-0.14	-0.14	-0.14
-89.00	-0.17	-0.17	-0.17	-0.17	-0.17	-0.17	-0.17	-0.17	-0.17	-0.17	-0.17	-0.17	-0.17	-0.17	-0.17	-0.17	-0.17	-0.17	-0.17	-0.17
-88.00	-0.20	-0.20	-0.20	-0.20	-0.20	-0.20	-0.20	-0.20	-0.20	-0.20	-0.20	-0.20	-0.20	-0.20	-0.20	-0.20	-0.20	-0.20	-0.20	-0.20
-87.00	-0.23	-0.22	-0.22	-0.22	-0.22	-0.22	-0.22	-0.22	-0.22	-0.22	-0.22	-0.22	-0.22	-0.22	-0.22	-0.22	-0.22	-0.22	-0.22	-0.22
-86.00	-0.26	-0.25	-0.25	-0.25	-0.25	-0.25	-0.25	-0.25	-0.25	-0.25	-0.25	-0.25	-0.25	-0.25	-0.25	-0.25	-0.25	-0.25	-0.25	-0.25
-85.00	-0.28	-0.28	-0.28	-0.28	-0.28	-0.28	-0.28	-0.28	-0.28	-0.28	-0.28	-0.28	-0.28	-0.28	-0.28	-0.28	-0.28	-0.28	-0.28	-0.28
-84.00	-0.31	-0.31	-0.31	-0.31	-0.31	-0.31	-0.31	-0.31	-0.31	-0.31	-0.31	-0.31	-0.31	-0.31	-0.31	-0.31	-0.31	-0.31	-0.31	-0.31
-83.00	-0.34	-0.34	-0.34	-0.34	-0.34	-0.34	-0.34	-0.34	-0.34	-0.34	-0.34	-0.34	-0.34	-0.34	-0.34	-0.34	-0.34	-0.34	-0.34	-0.34
-82.00	-0.37	-0.36	-0.36	-0.36	-0.36	-0.36	-0.36	-0.36	-0.36	-0.36	-0.36	-0.36	-0.36	-0.36	-0.36	-0.36	-0.36	-0.36	-0.36	-0.36
-81.00	-0.39	-0.39	-0.39	-0.39	-0.39	-0.39	-0.39	-0.39	-0.39	-0.39	-0.39	-0.39	-0.39	-0.39	-0.39	-0.39	-0.39	-0.39	-0.39	-0.39
-80.00	-0.42	-0.42	-0.42	-0.42	-0.42	-0.42	-0.42	-0.42	-0.42	-0.42	-0.42	-0.42	-0.42	-0.42	-0.42	-0.42	-0.42	-0.42	-0.42	-0.42
-79.00	-0.44	-0.44	-0.44	-0.44	-0.44	-0.44	-0.44	-0.44	-0.44	-0.44	-0.44	-0.44	-0.44	-0.44	-0.44	-0.44	-0.44	-0.44	-0.44	-0.44
-78.00	-0.47	-0.47	-0.47	-0.47	-0.47	-0.47	-0.47	-0.47	-0.47	-0.47	-0.47	-0.47	-0.47	-0.47	-0.47	-0.47	-0.47	-0.47	-0.47	-0.47
-77.00	-0.49	-0.49	-0.49	-0.49	-0.49	-0.49	-0.49	-0.49	-0.49	-0.49	-0.49	-0.49	-0.49	-0.49	-0.49	-0.49	-0.49	-0.49	-0.49	-0.49
-76.00	-0.52	-0.51	-0.51	-0.51	-0.51	-0.51	-0.51	-0.51	-0.51	-0.51	-0.51	-0.51	-0.51	-0.51	-0.51	-0.51	-0.51	-0.51	-0.51	-0.51
-75.00	-0.54	-0.54	-0.54	-0.54	-0.54	-0.54	-0.54	-0.54	-0.54	-0.54	-0.54	-0.54	-0.54	-0.54	-0.54	-0.54	-0.54	-0.54	-0.54	-0.54
-74.00	-0.56	-0.56	-0.56	-0.56	-0.56	-0.56	-0.56	-0.56	-0.56	-0.56	-0.56	-0.56	-0.56	-0.56	-0.56	-0.56	-0.56	-0.56	-0.56	-0.56
-73.00	-0.58	-0.58	-0.58	-0.58	-0.58	-0.58	-0.58	-0.58	-0.58	-0.58	-0.58	-0.58	-0.58	-0.58	-0.58	-0.58	-0.58	-0.58	-0.58	-0.58
-72.00	-0.61	-0.60	-0.60	-0.60	-0.60	-0.60	-0.60	-0.60	-0.60	-0.60	-0.60	-0.60	-0.60	-0.60	-0.60	-0.60	-0.60	-0.60	-0.60	-0.60
-71.00	-0.63	-0.62	-0.62	-0.62	-0.62	-0.62	-0.62	-0.62	-0.62	-0.62	-0.62	-0.62	-0.62	-0.62	-0.62	-0.62	-0.62	-0.62	-0.62	-0.62
-70.00	-0.65	-0.64	-0.64	-0.64	-0.64	-0.64	-0.64	-0.64	-0.64	-0.64	-0.64	-0.64	-0.64	-0.64	-0.64	-0.64	-0.64	-0.64	-0.64	-0.64
-69.00	-0.67	-0.66	-0.66	-0.66	-0.66	-0.66	-0.66	-0.66	-0.66	-0.66	-0.66	-0.66	-0.66	-0.66	-0.66	-0.66	-0.66	-0.66	-0.66	-0.66
-68.00	-0.68	-0.68	-0.68	-0.68	-0.68	-0.68	-0.68	-0.68	-0.68	-0.68	-0.68	-0.68	-0.68	-0.68	-0.68	-0.68	-0.68	-0.68	-0.68	-0.68
-67.00	-0.70	-0.70	-0.70	-0.70	-0.70	-0.70	-0.70	-0.70	-0.70	-0.70	-0.70	-0.70	-0.70	-0.70	-0.70	-0.70	-0.70	-0.70	-0.70	-0.70
-66.00	-0.72	-0.71	-0.71	-0.71	-0.71	-0.71	-0.71	-0.71	-0.71	-0.71	-0.71	-0.71	-0.71	-0.71	-0.71	-0.71	-0.71	-0.71	-0.71	-0.71
-65.00	-0.73	-0.73	-0.73	-0.73	-0.73	-0.73	-0.73	-0.73	-0.73	-0.73	-0.73	-0.73	-0.73	-0.73	-0.73	-0.73	-0.73	-0.73	-0.73	-0.73
-64.00	-0.75	-0.74	-0.74	-0.74	-0.74	-0.74	-0.74	-0.74	-0.74	-0.74	-0.74	-0.74	-0.74	-0.74	-0.74	-0.74	-0.74	-0.74	-0.74	-0.74
-63.00	-0.76	-0.76	-0.76	-0.76	-0.76	-0.76	-0.76	-0.76	-0.76	-0.76	-0.76	-0.76	-0.76	-0.76	-0.76	-0.76	-0.76	-0.76	-0.76	-0.76
-62.00	-0.78	-0.77	-0.77	-0.77	-0.77	-0.77	-0.77	-0.77	-0.77	-0.77	-0.77	-0.77	-0.77	-0.77	-0.77	-0.77	-0.77	-0.77	-0.77	-0.77
-61.00	-0.79	-0.78	-0.78	-0.78	-0.78	-0.78	-0.78	-0.78	-0.78	-0.78	-0.78	-0.78	-0.78	-0.78	-0.78	-0.78	-0.78	-0.78	-0.78	-0.78
-60.00	-0.80	-0.79	-0.79	-0.79	-0.79	-0.79	-0.79	-0.79	-0.79	-0.79	-0.79	-0.79	-0.79	-0.79	-0.79	-0.79	-0.79	-0.79	-0.79	-0.79
-59.00	-0.81	-0.80	-0.80	-0.80	-0.80	-0.80	-0.80	-0.80	-0.80	-0.80	-0.80	-0.80	-0.80	-0.80	-0.80	-0.80	-0.80	-0.80	-0.80	-0.80
-58.00	-0.82	-0.81	-0.81	-0.81	-0.81	-0.81	-0.81	-0.81	-0.81	-0.81	-0.81	-0.81	-0.81	-0.81	-0.81	-0.81	-0.81	-0.81	-0.81	-0.81
-57.00	-0.83	-0.82	-0.82	-0.82	-0.82	-0.82	-0.82	-0.82	-0.82	-0.82	-0.82	-0.82	-0.82	-0.82	-0.82	-0.82	-0.82	-0.82	-0.82	-0.82
-56.00	-0.84	-0.83	-0.83	-0.83	-0.83	-0.83	-0.83	-0.83	-0.83	-0.83	-0.83	-0.83	-0.83	-0.83	-0.83	-0.83	-0.83	-0.83	-0.83	-0.83
-55.00	-0.84	-0.84	-0.84	-0.84	-0.84	-0.84	-0.84	-0.84	-0.84	-0.84	-0.84	-0.84	-0.84	-0.84	-0.84	-0.84	-0.84	-0.84	-0.84	-0.84
-54.00	-0.85	-0.84	-0.84	-0.84	-0.84	-0.84	-0.84	-0.84	-0.84	-0.84	-0.84	-0.84	-0.84	-0.84	-0.84	-0.84	-0.84	-0.84	-0.84	-0.84
-53.00	-0.85	-0.85	-0.85	-0.85	-0.85	-0.85	-0.85	-0.85	-0.85	-0.85	-0.85	-0.85	-0.85	-0.85	-0.85	-0.85	-0.85	-0.85	-0.85	-0.85
-52.00	-0.86	-0.85	-0.85	-0.85	-0.85	-0.85	-0.85	-0.85	-0.85	-0.85	-0.85	-0.85	-0.85	-0.85	-0.85	-0.85	-0.85	-0.85	-0.85	-0.85
-51.00	-0.86	-0.85	-0.85	-0.85	-0.85	-0.85	-0.85	-0.85	-0.85	-0.85	-0.85	-0.85	-0.85	-0.85	-0.85	-0.85	-0.85	-0.85	-0.85	-0.85
-50.00	-0.86	-0.86	-0.86	-0.86	-0.86	-0.86	-0.86	-0.86	-0.86	-0.86	-0.86	-0.86	-0.86	-0.86	-0.86	-0.86	-0.86	-0.86	-0.86	-0.86
-49.00	-0.87	-0.86	-0.86	-0.86	-0.86	-0.86	-0.86	-0.86	-0.86	-0.86	-0.86	-0.86	-0.86	-0.86	-0.86	-0.86	-0.86	-0.86	-0.86	-0.86
-48.00	-0.87	-0.86	-0.86	-0.86	-0.86	-0.86	-0.86	-0.86	-0.86	-0.86	-0.86	-0.86	-0.86	-0.86	-0.86	-0.86	-0.86	-0.86	-0.86	-0.86
-47.00	-0.87	-0.86	-0.86	-0.86	-0.86	-0.86	-0.86	-0.86	-0.86	-0.86	-0.86	-0.86	-0.86	-0.86	-0.86	-0.86	-0.86	-0.86	-0.86	-0.86
-46.00	-0.87	-0.86	-0.85	-0.85	-0.85	-0.85	-0.85	-0.85	-0.85	-0.85	-0.85	-0.85	-0.85	-0.85	-0.85	-0.85	-0.85	-0.85	-0.85	-0.85
-45.00	-0.86	-0.85	-0.85	-0.85	-0.85	-0.85	-0.85	-0.85	-0.85	-0.85	-0.85	-0.85	-0.85	-0.85	-0.85	-0.85	-0.85	-0.85	-0.85	-0.85
-44.00	-0.86	-0.85	-0.85	-0.85	-0.85	-0.85	-0.85	-0.85	-0.85	-0.85	-0.85	-0.85	-0.85	-0.85	-0.85	-0.85	-0.85	-0.85	-0.85	-0.85
-43.00	-0.86	-0.85	-0.84	-0.84	-0.84	-0.84	-0.84	-0.84	-0.84	-0.84	-0.84	-0.84	-0.84	-0.84	-0.84	-0.84	-0.84	-0.84	-0.84	-0.84
-42.00	-0.85	-0.84	-0.84	-0.84	-0.84	-0.84	-0.84	-0.84	-0.84	-0.84	-0.84	-0.84	-0.84	-0.84	-0.84	-0.84	-0.84	-0.84	-0.84	-0.84
-41.00	-0.85	-0.83	-0.83	-0.83	-0.83	-0.83	-0.83	-0.83	-0.83	-0.83	-0.83	-0.83	-0.83	-0.83	-0.83	-0.83	-0.83	-0.83	-0.83	-0.83
-40.00	-0.84	-0.83	-0.83	-0.83	-0.83	-0.83	-0.83	-0.83	-0.83	-0.83	-0.83	-0.83	-0.83	-0.83	-0.83	-0.83	-0.83	-0.83	-0.83	-0.83
-39.00	-0.84	-0.82	-0.82	-0.82	-0.82	-0.82	-0.82	-0.82	-0.82	-0.82	-0.82	-0.82	-0.82	-0.82	-0.82	-0.82	-0.82	-0.82	-0.82	-0.82
-38.00	-0.83	-0.81	-0.81	-0.81	-0.81	-0.81	-0.81	-0.81	-0.81	-0.81	-0.81	-0.81	-0.81	-0.81	-0.81	-0.81	-0.81	-0.81	-0.81	-0.81
-37.00	-0.83	-0.80	-0.80	-0.80	-0.80	-0.80	-0.80	-0.80	-0.80	-0.80	-0.80	-0.80	-0.80	-0.80	-0.80	-0.80	-0.80	-0.80	-0.80	-0.80
-36.00	-0.82	-0.79	-0.79	-0.79	-0.79	-0.79	-0.79	-0.79	-0.79	-0.79	-0.79	-0.79	-0.79	-0.79	-0.79	-0.79	-0.79	-0.79	-0.79	-0.79
-35.00	-0.81	-0.78	-0.78	-0.78	-0.78	-0.78	-0.78	-0.78	-0.78	-0.78	-0.78	-0.78	-0.78	-0.78	-0.78	-0.78	-0.78	-0.78	-0.78	-0.78
-34.00	-0.80	-0.77	-0.77	-0.77	-0.77	-0.77	-0.77	-0.77	-0.76	-0.76	-0.76	-0.76	-0.76	-0.76	-0.77	-0.77	-0.77	-0.77	-0.77	-0.77
-33.00	-0.79	-0.76	-0.75	-0.75	-0.75	-0.75	-0.75	-0.75	-0.75	-0.75	-0.75	-0.75	-0.75	-0.75	-0.75	-0.75	-0.75	-0.75	-0.75	-0.75
-32.00	-0.79	-0.74	-0.74	-0.74	-0.74	-0.74	-0.74	-0.74	-0.74	-0.74	-0.74	-0.74	-0.74	-0.74	-0.74	-0.74	-0.74	-0.74	-0.74	-0.74
-31.00	-0.78	-0.73	-0.73	-0.73	-0.73	-0.73	-0.72	-0.72	-0.72	-0.72	-0.72	-0.72	-0.72	-0.72	-0.72	-0.72	-0.72	-0.72	-0.73	-0.73
-30.00	-0.77	-0.72	-0.71	-0.71	-0.71	-0.71	-0.71	-0.71	-0.71	-0.71	-0.71	-0.71	-0.71	-0.71	-0.71	-0.71	-0.71	-0.71	-0.71	-0.71
-29.00	-0.77	-0.70	-0.70	-0.70	-0.69	-0.69	-0.69	-0.69	-0.69	-0.69	-0.69	-0.69	-0.69	-0.69	-0.69	-0.69	-0.69	-0.69	-0.69	-0.69
-28.00	-0.76	-0.69	-0.68	-0.68	-0.68	-0.68	-0.68	-0.68	-0.68	-0.68	-0.68	-0.68	-0.68	-0.68	-0.68	-0.68	-0.68	-0.68	-0.68	-0.68
-27.00	-0.75	-0.67	-0.66	-0.66	-0.66	-0.66	-0.66	-0.66	-0.66	-0.66	-0.66	-0.66	-0.66	-0.66	-0.66	-0.66	-0.66	-0.66	-0.66	-0.66
-26.00	-0.75	-0.66	-0.65	-0.65	-0.65	-0.64	-0.64	-0.64	-0.64	-0.64	-0.64	-0.64	-0.64	-0.64	-0.64	-0.64	-0.64	-0.64	-0.64	-0.65
-25.00	-0.74	-0.64	-0.63	-0.63	-0.63	-0.63	-0.63	-0.63	-0.63	-0.63	-0.62	-0.63	-0.63	-0.63	-0.63	-0.63	-0.63	-0.63	-0.63	-0.63
-24.00	-0.73	-0.63	-0.61	-0.61	-0.61	-0.61	-0.61	-0.61	-0.61	-0.61	-0.61	-0.61	-0.61	-0.61	-0.61	-0.61	-0.61	-0.61	-0.61	-0.61
-23.00	-0.72	-0.61	-0.60	-0.59	-0.59	-0.59	-0.59	-0.59	-0.59	-0.59	-0.59	-0.59	-0.59	-0.59	-0.59	-0.59	-0.59	-0.59	-0.59	-0.59
-22.00	-0.70	-0.60	-0.58	-0.58	-0.57	-0.57	-0.57	-0.57	-0.57	-0.57	-0.57	-0.57	-0.57	-0.57	-0.57	-0.57	-0.57	-0.57	-0.57	-0.57
-21.00	-0.68	-0.59	-0.56	-0.56	-0.56	-0.55	-0.55	-0.55	-0.55	-0.55	-0.55	-0.55	-0.55	-0.55	-0.55	-0.55	-0.55	-0.55	-0.55	-0.56
-20.00	-0.65	-0.59	-0.55	-0.54	-0.54	-0.54	-0.53	-0.53	-0.53	-0.53	-0.53	-0.53	-0.53	-0.53	-0.53	-0.53	-0.53	-0.54	-0.54	-0.54
-19.00	-0.62	-0.59	-0.53	-0.53	-0.52	-0.52	-0.52	-0.52	-0.51	-0.51	-0.51	-0.51	-0.51	-0.51	-0.51	-0.52	-0.52	-0.52	-0.52	-0.52
-18.00	-0.59	-0.59	-0.52	-0.51	-0.51	-0.50	-0.50	-0.50	-0.49	-0.49	-0.49	-0.49	-0.49	-0.49	-0.50	-0.50	-0.50	-0.50	-0.50	-0.50
-17.00	-0.56	-0.61	-0.51	-0.50	-0.49	-0.49	-0.48	-0.48	-0.48	-0.47	-0.47	-0.47	-0.48	-0.48	-0.48	-0.48	-0.48	-0.49	-0.49	-0.49
-16.00	-0.53	-0.64	-0.50	-0.49	-0.48	-0.48	-0.47	-0.47	-0.46	-0.46	-0.46	-0.46	-0.46	-0.46	-0.46	-0.47	-0.47	-0.47	-0.48	-0.48
-15.00	-0.50	-0.69	-0.51	-0.49	-0.47	-0.47	-0.46	-0.46	-0.45	-0.44	-0.44	-0.44	-0.44	-0.45	-0.45	-0.45	-0.46	-0.46	-0.47	-0.47
-14.00	-0.46	-0.75	-0.52	-0.49	-0.47	-0.46	-0.45	-0.45	-0.43	-0.43	-0.43	-0.43	-0.43	-0.44	-0.44	-0.45	-0.45	-0.46	-0.46	-0.47
-13.00	-0.43	-0.80	-0.55	-0.51	-0.48	-0.47	-0.45	-0.45	-0.43	-0.42	-0.42	-0.42	-0.42	-0.43	-0.44	-0.45	-0.45	-0.46	-0.47	-0.48
-12.00	-0.40	-0.82	-0.60	-0.55	-0.51	-0.49	-0.46	-0.46	-0.43	-0.42	-0.41	-0.41	-0.42	-0.43	-0.44	-0.46	-0.47	-0.48	-0.49	-0.50
-11.00	-0.36	-0.80	-0.68	-0.61	-0.56	-0.54	-0.49	-0.48	-0.44	-0.43	-0.42	-0.42	-0.43	-0.45	-0.46	-0.48	-0.50	-0.52	-0.53	-0.55
-10.00	-0.32	-0.43	-0.51	-0.71	-0.78	-0.85	-0.91	-0.94	-0.96	-0.97	-0.99	-0.99	-1.00	-1.00	-1.01	-1.01	-1.01	-1.01	-1.01	-1.01
-9.00	-0.29	-0.46	-0.62	-0.78	-0.86	-0.89	-0.91	-0.92	-0.92	-0.93	-0.93	-0.93	-0.93	-0.93	-0.93	-0.93	-0.93	-0.93	-0.93	-0.93
-8.00	-0.26	-0.49	-0.73	-0.82	-0.84	-0.85	-0.85	-0.85	-0.85	-0.85	-0.85	-0.85	-0.85	-0.85	-0.85	-0.85	-0.85	-0.85	-0.85	-0.85
-7.00	-0.23	-0.51	-0.74	-0.77	-0.77	-0.77	-0.77	-0.77	-0.76	-0.76	-0.76	-0.76	-0.76	-0.76	-0.77	-0.77	-0.77	-0.77	-0.77	-0.77
-6.00	-0.20	-0.45	-0.66	-0.69	-0.69	-0.69	-0.69	-0.69	-0.69	-0.69	-0.69	-0.69	-0.69	-0.69	-0.69	-0.69	-0.69	-0.69	-0.70	-0.70
-5.00	-0.17	-0.25	-0.59	-0.62	-0.62	-0.62	-0.62	-0.61	-0.61	-0.61	-0.61	-0.61	-0.62	-0.62	-0.62	-0.62	-0.62	-0.62	-0.62	-0.62
-4.00	-0.13	-0.11	-0.39	-0.54	-0.54	-0.54	-0.54	-0.54	-0.54	-0.54	-0.54	-0.54	-0.54	-0.54	-0.54	-0.54	-0.54	-0.54	-0.54	-0.54
-3.00	-0.10	-0.07	-0.06	-0.34	-0.45	-0.46	-0.46	-0.46	-0.46	-0.45	-0.45	-0.45	-0.45	-0.45	-0.45	-0.45	-0.45	-0.45	-0.45	-0.45
-2.00	-0.06	-0.03	-0.02	-0.01	-0.19	-0.32	-0.37	-0.38	-0.38	-0.37	-0.37	-0.37	-0.37	-0.36	-0.36	-0.36	-0.35	-0.33	-0.32	-0.31
-1.00	-0.03	-0.01	0.00	0.02	0.03	0.00	-0.10	-0.18	-0.23	-0.26	-0.28	-0.27	-0.25	-0.23	-0.21	-0.19	-0.18	-0.17	-0.15	-0.14
0.00	0.00	0.00	0.00	0.00	0.00	0.00	0.00	0.00	0.00	0.00	0.00	0.00	0.00	0.00	0.00	0.00	0.00	0.00	0.00	0.00
1.00	0.03	0.01	0.00	-0.02	-0.03	0.00	0.10	0.17	0.23	0.26	0.28	0.27	0.25	0.23	0.21	0.19	0.18	0.17	0.15	0.14
2.00	0.06	0.03	0.02	0.01	0.19	0.32	0.37	0.38	0.38	0.37	0.37	0.37	0.37	0.36	0.36	0.36	0.35	0.33	0.32	0.31
3.00	0.10	0.07	0.06	0.34	0.45	0.46	0.46	0.46	0.46	0.45	0.45	0.45	0.45	0.45	0.45	0.45	0.45	0.45	0.45	0.45
4.00	0.13	0.11	0.39	0.54	0.54	0.54	0.54	0.54	0.54	0.54	0.54	0.54	0.54	0.54	0.54	0.54	0.54	0.54	0.54	0.54
5.00	0.17	0.28	0.59	0.62	0.62	0.62	0.62	0.61	0.61	0.61	0.61	0.61	0.62	0.62	0.62	0.62	0.62	0.62	0.62	0.62
6.00	0.20	0.45	0.68	0.69	0.69	0.69	0.69	0.69	0.69	0.69	0.69	0.69	0.69	0.69	0.69	0.69	0.69	0.69	0.70	0.70
7.00	0.23	0.52	0.74	0.77	0.77	0.77	0.77	0.77	0.76	0.76	0.76	0.76	0.76	0.76	0.77	0.77	0.77	0.77	0.77	0.77
8.00	0.26	0.49	0.73	0.82	0.84	0.85	0.85	0.85	0.85	0.85	0.85	0.85	0.85	0.85	0.85	0.85	0.85	0.85	0.85	0.85
9.00	0.29	0.46	0.62	0.79	0.86	0.89	0.91	0.92	0.92	0.93	0.93	0.93	0.93	0.93	0.93	0.93	0.93	0.93	0.93	0.93
10.00	0.32	0.43	0.51	0.69	0.79	0.85	0.91	0.94	0.96	0.97	0.99	0.99	1.00	1.00	1.01	1.01	1.01	1.01	1.01	1.01
11.00	0.34	0.52	0.55	0.62	0.70	0.71	0.71	0.71	0.69	0.69	0.69	0.69	0.69	0.70	0.71	0.71	0.72	0.73	0.74	0.74
12.00	0.37	0.50	0.51	0.57	0.64	0.65	0.64	0.64	0.63	0.62	0.62	0.62	0.62	0.63	0.64	0.64	0.65	0.66	0.66	0.67
13.00	0.39	0.48	0.49	0.54	0.59	0.60	0.59	0.59	0.58	0.58	0.58	0.58	0.58	0.58	0.59	0.59	0.60	0.60	0.61	0.61
14.00	0.42	0.47	0.48	0.52	0.57	0.57	0.56	0.56	0.56	0.55	0.55	0.55	0.55	0.56	0.56	0.56	0.57	0.57	0.58	0.58
15.00	0.44	0.47	0.48	0.51	0.55	0.55	0.55	0.55	0.54	0.54	0.54	0.54	0.54	0.54	0.55	0.55	0.55	0.55	0.56	0.56
16.00	0.46	0.48	0.49	0.51	0.54	0.54	0.54	0.54	0.54	0.54	0.54	0.54	0.54	0.54	0.54	0.54	0.54	0.55	0.55	0.55
17.00	0.48	0.49	0.50	0.52	0.54	0.54	0.54	0.54	0.54	0.54	0.54	0.54	0.54	0.54	0.54	0.54	0.54	0.55	0.55	0.55
18.00	0.50	0.51	0.51	0.53	0.55	0.55	0.55	0.55	0.55	0.55	0.55	0.55	0.55	0.55	0.55	0.55	0.55	0.55	0.55	0.55
19.00	0.52	0.52	0.53	0.54	0.56	0.56	0.56	0.56	0.56	0.56	0.56	0.56	0.56	0.56	0.56	0.56	0.56	0.56	0.56	0.56
20.00	0.55	0.54	0.54	0.56	0.57	0.57	0.57	0.57	0.57	0.57	0.57	0.57	0.57	0.57	0.57	0.57	0.57	0.57	0.57	0.57
21.00	0.57	0.56	0.56	0.57	0.58	0.58	0.58	0.58	0.58	0.58	0.58	0.58	0.58	0.58	0.58	0.58	0.58	0.58	0.58	0.58
22.00	0.58	0.57	0.58	0.59	0.60	0.60	0.60	0.60	0.60	0.60	0.60	0.60	0.60	0.60	0.60	0.60	0.60	0.60	0.60	0.60
23.00	0.60	0.59	0.60	0.60	0.61	0.61	0.61	0.61	0.61	0.61	0.61	0.61	0.61	0.61	0.61	0.61	0.61	0.61	0.61	0.61
24.00	0.62	0.61	0.61	0.62	0.63	0.63	0.63	0.63	0.63	0.63	0.63	0.63	0.63	0.63	0.63	0.63	0.63	0.63	0.63	0.63
25.00	0.64	0.63	0.63	0.64	0.64	0.64	0.64	0.64	0.64	0.64	0.64	0.64	0.64	0.64	0.64	0.64	0.64	0.64	0.64	0.64
26.00	0.66	0.65	0.65	0.65	0.66	0.66	0.66	0.66	0.66	0.66	0.66	0.66	0.66	0.66	0.66	0.66	0.66	0.66	0.66	0.66
27.00	0.67	0.66	0.66	0.67	0.67	0.67	0.67	0.67	0.67	0.67	0.67	0.67	0.67	0.67	0.67	0.67	0.67	0.67	0.67	0.67
28.00	0.69	0.68	0.68	0.68	0.69	0.69	0.69	0.69	0.69	0.69	0.69	0.69	0.69	0.69	0.69	0.69	0.69	0.69	0.69	0.69
29.00	0.71	0.69	0.70	0.70	0.70	0.70	0.70	0.70	0.70	0.70	0.70	0.70	0.70	0.70	0.70	0.70	0.70	0.70	0.70	0.70
30.00	0.72	0.71	0.71	0.72	0.72	0.72	0.72	0.72	0.72	0.72	0.72	0.72	0.72	0.72	0.72	0.72	0.72	0.72	0.72	0.72
31.00	0.74	0.73	0.73	0.73	0.73	0.73	0.73	0.73	0.73	0.73	0.73	0.73	0.73	0.73	0.73	0.73	0.73	0.73	0.73	0.73
32.00	0.75	0.74	0.74	0.74	0.75	0.75	0.75	0.75	0.75	0.75	0.75	0.75	0.75	0.75	0.75	0.75	0.75	0.75	0.75	0.75
33.00	0.76	0.75	0.75	0.76	0.76	0.76	0.76	0.76	0.76	0.76	0.76	0.76	0.76	0.76	0.76	0.76	0.76	0.76	0.76	0.76
34.00	0.78	0.77	0.77	0.77	0.77	0.77	0.77	0.77	0.77	0.77	0.77	0.77	0.77	0.77	0.77	0.77	0.77	0.77	0.77	0.77
35.00	0.79	0.78	0.78	0.78	0.78	0.78	0.78	0.78	0.78	0.78	0.78	0.78	0.78	0.78	0.78	0.78	0.78	0.78	0.78	0.78
36.00	0.80	0.79	0.79	0.79	0.79	0.79	0.79	0.79	0.79	0.79	0.79	0.79	0.79	0.79	0.79	0.79	0.79	0.79	0.79	0.79
37.00	0.81	0.80	0.80	0.80	0.80	0.80	0.80	0.80	0.80	0.80	0.80	0.80	0.80	0.80	0.80	0.80	0.80	0.80	0.80	0.80
38.00	0.82	0.81	0.81	0.81	0.81	0.81	0.81	0.81	0.81	0.81	0.81	0.81	0.81	0.81	0.81	0.81	0.81	0.81	0.81	0.81
39.00	0.83	0.82	0.82	0.82	0.82	0.82	0.82	0.82	0.82	0.82	0.82	0.82	0.82	0.82	0.82	0.82	0.82	0.82	0.82	0.82
40.00	0.83	0.83	0.83	0.83	0.83	0.83	0.83	0.83	0.83	0.83	0.83	0.83	0.83	0.83	0.83	0.83	0.83	0.83	0.83	0.83
41.00	0.84	0.83	0.83	0.83	0.84	0.84	0.84	0.84	0.84	0.84	0.84	0.84	0.84	0.84	0.84	0.84	0.84	0.84	0.84	0.84
42.00	0.85	0.84	0.84	0.84	0.84	0.84	0.84	0.84	0.84	0.84	0.84	0.84	0.84	0.84	0.84	0.84	0.84	0.84	0.84	0.84
43.00	0.85	0.84	0.84	0.85	0.85	0.85	0.85	0.85	0.85	0.85	0.85	0.85	0.85	0.85	0.85	0.85	0.85	0.85	0.85	0.85
44.00	0.86	0.85	0.85	0.85	0.85	0.85	0.85	0.85	0.85	0.85	0.85	0.85	0.85	0.85	0.85	0.85	0.85	0.85	0.85	0.85
45.00	0.86	0.85	0.85	0.85	0.85	0.85	0.85	0.85	0.85	0.85	0.85	0.85	0.85	0.85	0.85	0.85	0.85	0.85	0.85	0.85
46.00	0.86	0.85	0.86	0.86	0.86	0.86	0.86	0.86	0.86	0.86	0.86	0.86	0.86	0.86	0.86	0.86	0.86	0.86	0.86	0.86
47.00	0.86	0.86	0.86	0.86	0.86	0.86	0.86	0.86	0.86	0.86	0.86	0.86	0.86	0.86	0.86	0.86	0.86	0.86	0.86	0.86
48.00	0.86	0.86	0.86	0.86	0.86	0.86	0.86	0.86	0.86	0.86	0.86	0.86	0.86	0.86	0.86	0.86	0.86	0.86	0.86	0.86
49.00	0.86	0.86	0.86	0.86	0.86	0.86	0.86	0.86	0.86	0.86	0.86	0.86	0.86	0.86	0.86	0.86	0.86	0.86	0.86	0.86
50.00	0.86	0.86	0.86	0.86	0.86	0.86	0.86	0.86	0.86	0.86	0.86	0.86	0.86	0.86	0.86	0.86	0.86	0.86	0.86	0.86
51.00	0.86	0.85	0.85	0.86	0.86	0.86	0.86	0.86	0.86	0.86	0.86	0.86	0.86	0.86	0.86	0.86	0.86	0.86	0.86	0.86
52.00	0.86	0.85	0.85	0.85	0.85	0.85	0.85	0.85	0.85	0.85	0.85	0.85	0.85	0.85	0.85	0.85	0.85	0.85	0.85	0.85
53.00	0.85	0.85	0.85	0.85	0.85	0.85	0.85	0.85	0.85	0.85	0.85	0.85	0.85	0.85	0.85	0.85	0.85	0.85	0.85	0.85
54.00	0.85	0.84	0.84	0.84	0.84	0.84	0.84	0.84	0.84	0.84	0.84	0.84	0.84	0.84	0.84	0.84	0.84	0.84	0.84	0.84
55.00	0.84	0.84	0.84	0.84	0.84	0.84	0.84	0.84	0.84	0.84	0.84	0.84	0.84	0.84	0.84	0.84	0.84	0.84	0.84	0.84
56.00	0.84	0.83	0.83	0.83	0.83	0.83	0.83	0.83	0.83	0.83	0.83	0.83	0.83	0.83	0.83	0.83	0.83	0.83	0.83	0.83
57.00	0.83	0.82	0.82	0.82	0.82	0.82	0.82	0.82	0.82	0.82	0.82	0.82	0.82	0.82	0.82	0.82	0.82	0.82	0.82	0.82
58.00	0.82	0.81	0.81	0.81	0.82	0.82	0.82	0.82	0.82	0.82	0.82	0.82	0.82	0.82	0.82	0.82	0.82	0.82	0.82	0.82
59.00	0.81	0.80	0.80	0.81	0.81	0.81	0.81	0.81	0.81	0.81	0.81	0.81	0.81	0.81	0.81	0.81	0.81	0.81	0.81	0.81
60.00	0.80	0.79	0.79	0.79	0.80	0.80	0.80	0.80	0.80	0.80	0.80	0.80	0.80	0.80	0.80	0.80	0.80	0.80	0.80	0.80
61.00	0.79	0.78	0.78	0.78	0.78	0.78	0.78	0.78	0.78	0.78	0.78	0.78	0.78	0.78	0.78	0.78	0.78	0.78	0.78	0.78
62.00	0.78	0.77	0.77	0.77	0.77	0.77	0.77	0.77	0.77	0.77	0.77	0.77	0.77	0.77	0.77	0.77	0.77	0.77	0.77	0.77
63.00	0.76	0.76	0.76	0.76	0.76	0.76	0.76	0.76	0.76	0.76	0.76	0.76	0.76	0.76	0.76	0.76	0.76	0.76	0.76	0.76
64.00	0.75	0.74	0.74	0.74	0.74	0.74	0.74	0.74	0.74	0.74	0.74	0.74	0.74	0.74	0.74	0.74	0.74	0.74	0.74	0.74
65.00	0.73	0.73	0.73	0.73	0.73	0.73	0.73	0.73	0.73	0.73	0.73	0.73	0.73	0.73	0.73	0.73	0.73	0.73	0.73	0.73
66.00	0.72	0.71	0.71	0.71	0.71	0.71	0.71	0.71	0.71	0.71	0.71	0.71	0.71	0.71	0.71	0.71	0.71	0.71	0.71	0.71
67.00	0.70	0.70	0.70	0.70	0.70	0.70	0.70	0.70	0.70	0.70	0.70	0.70	0.70	0.70	0.70	0.70	0.70	0.70	0.70	0.70
68.00	0.68	0.68	0.68	0.68	0.68	0.68	0.68	0.68	0.68	0.68	0.68	0.68	0.68	0.68	0.68	0.68	0.68	0.68	0.68	0.68
69.00	0.67	0.66	0.66	0.66	0.66	0.66	0.66	0.66	0.66	0.66	0.66	0.66	0.66	0.66	0.66	0.66	0.66	0.66	0.66	0.66
70.00	0.65	0.64	0.64	0.64	0.64	0.64	0.64	0.64	0.64	0.64	0.64	0.64	0.64	0.64	0.64	0.64	0.64	0.64	0.64	0.64
71.00	0.63	0.62	0.62	0.62	0.62	0.62	0.62	0.62	0.62	0.62	0.62	0.62	0.62	0.62	0.62	0.62	0.62	0.62	0.62	0.62
72.00	0.61	0.60	0.60	0.60	0.60	0.60	0.60	0.60	0.60	0.60	0.60	0.60	0.60	0.60	0.60	0.60	0.60	0.60	0.60	0.60
73.00	0.59	0.58	0.58	0.58	0.58	0.58	0.58	0.58	0.58	0.58	0.58	0.58	0.58	0.58	0.58	0.58	0.58	0.58	0.58	0.58
74.00	0.56	0.56	0.56	0.56	0.56	0.56	0.56	0.56	0.56	0.56	0.56	0.56	0.56	0.56	0.56	0.56	0.56	0.56	0.56	0.56
75.00	0.54	0.54	0.54	0.54	0.54	0.54	0.54	0.54	0.54	0.54	0.54	0.54	0.54	0.54	0.54	0.54	0.54	0.54	0.54	0.54
76.00	0.52	0.51	0.51	0.52	0.52	0.52	0.52	0.52	0.52	0.52	0.52	0.52	0.52	0.52	0.52	0.52	0.52	0.52	0.52	0.52
77.00	0.49	0.49	0.49	0.49	0.49	0.49	0.49	0.49	0.49	0.49	0.49	0.49	0.49	0.49	0.49	0.49	0.49	0.49	0.49	0.49
78.00	0.47	0.47	0.47	0.47	0.47	0.47	0.47	0.47	0.47	0.47	0.47	0.47	0.47	0.47	0.47	0.47	0.47	0.47	0.47	0.47
79.00	0.45	0.44	0.44	0.44	0.44	0.44	0.44	0.44	0.44	0.44	0.44	0.44	0.44	0.44	0.44	0.44	0.44	0.44	0.44	0.44
80.00	0.42	0.42	0.42	0.42	0.42	0.42	0.42	0.42	0.42	0.42	0.42	0.42	0.42	0.42	0.42	0.42	0.42	0.42	0.42	0.42
81.00	0.39	0.39	0.39	0.39	0.39	0.39	0.39	0.39	0.39	0.39	0.39	0.39	0.39	0.39	0.39	0.39	0.39	0.39	0.39	0.39
82.00	0.37	0.36	0.36	0.36	0.36	0.36	0.36	0.36	0.36	0.36	0.36	0.36	0.36	0.36	0.36	0.36	0.36	0.36	0.36	0.36
83.00	0.34	0.34	0.34	0.34	0.34	0.34	0.34	0.34	0.34	0.34	0.34	0.34	0.34	0.34	0.34	0.34	0.34	0.34	0.34	0.34
84.00	0.31	0.31	0.31	0.31	0.31	0.31	0.31	0.31	0.31	0.31	0.31	0.31	0.31	0.31	0.31	0.31	0.31	0.31	0.31	0.31
85.00	0.28	0.28	0.28	0.28	0.28	0.28	0.28	0.28	0.28	0.28	0.28	0.28	0.28	0.28	0.28	0.28	0.28	0.28	0.28	0.28
86.00	0.26	0.25	0.25	0.25	0.25	0.25	0.25	0.25	0.25	0.25	0.25	0.25	0.25	0.25	0.25	0.25	0.25	0.25	0.25	0.25
87.00	0.23	0.22	0.22	0.22	0.23	0.23	0.23	0.23	0.23	0.23	0.23	0.23	0.23	0.23	0.23	0.23	0.23	0.23	0.23	0.23
88.00	0.20	0.20	0.20	0.20	0.20	0.20	0.20	0.20	0.20	0.20	0.20	0.20	0.20	0.20	0.20	0.20	0.20	0.20	0.20	0.20
89.00	0.17	0.17	0.17	0.17	0.17	0.17	0.17	0.17	0.17	0.17	0.17	0.17	0.17	0.17	0.17	0.17	0.17	0.17	0.17	0.17
90.00	0.14	0.14	0.14	0.14	0.14	0.14	0.14	0.14	0.14	0.14	0.14	0.14	0.14	0.14	0.14	0.14	0.14	0.14	0.14	0.14
91.00	0.11	0.11	0.11	0.11	0.11	0.11	0.11	0.11	0.11	0.11	0.11	0.11	0.11	0.11	0.11	0.11	0.11	0.11	0.11	0.11
92.00	0.08	0.08	0.08	0.08	0.08	0.08	0.08	0.08	0.08	0.08	0.08	0.08	0.08	0.08	0.08	0.08	0.08	0.08	0.08	0.08
93.00	0.05	0.05	0.05	0.05	0.05	0.05	0.05	0.05	0.05	0.05	0.05	0.05	0.05	0.05	0.05	0.05	0.05	0.05	0.05	0.05
94.00	0.02	0.02	0.02	0.02	0.02	0.02	0.02	0.02	0.02	0.02	0.02	0.02	0.02	0.02	0.02	0.02	0.02	0.02	0.02	0.02
95.00	-0.01	-0.01	-0.01	-0.01	-0.01	-0.01	-0.01	-0.01	-0.01	-0.01	-0.01	-0.01	-0.01	-0.01	-0.01	-0.01	-0.01	-0.01	-0.01	-0.01
96.00	-0.04	-0.04	-0.04	-0.04	-0.04	-0.04	-0.04	-0.04	-0.04	-0.04	-0.04	-0.04	-0.04	-0.04	-0.04	-0.04	-0.04	-0.04	-0.04	-0.04
97.00	-0.07	-0.07	-0.07	-0.07	-0.07	-0.07	-0.07	-0.07	-0.07	-0.07	-0.07	-0.07	-0.07	-0.07	-0.07	-0.07	-0.07	-0.07	-0.07	-0.07
98.00	-0.10	-0.10	-0.10	-0.10	-0.10	-0.10	-0.10	-0.10	-0.10	-0.10	-0.10	-0.10	-0.10	-0.10	-0.10	-0.10	-0.10	-0.10	-0.10	-0.10
99.00	-0.13	-0.13	-0.13	-0.13	-0.13	-0.13	-0.13	-0.13	-0.13	-0.13	-0.13	-0.13	-0.13	-0.13	-0.13	-0.13	-0.13	-0.13	-0.13	-0.13
100.00	-0.16	-0.16	-0.16	-0.16	-0.16	-0.16	-0.16	-0.16	-0.16	-0.16	-0.16	-0.16	-0.16	-0.16	-0.16	-0.16	-0.16	-0.16	-0.16	-0.16
101.00	-0.19	-0.19	-0.19	-0.19	-0.19	-0.19	-0.19	-0.19	-0.19	-0.19	-0.19	-0.19	-0.19	-0.19	-0.19	-0.19	-0.19	-0.19	-0.19	-0.19
102.00	-0.22	-0.22	-0.22	-0.22	-0.22	-0.22	-0.22	-0.22	-0.22	-0.22	-0.22	-0.22	-0.22	-0.22	-0.22	-0.22	-0.22	-0.22	-0.22	-0.22
103.00	-0.25	-0.25	-0.25	-0.25	-0.25	-0.25	-0.25	-0.25	-0.25	-0.25	-0.25	-0.25	-0.25	-0.25	-0.25	-0.25	-0.25	-0.25	-0.25	-0.25
104.00	-0.28	-0.28	-0.28	-0.28	-0.28	-0.28	-0.28	-0.28	-0.28	-0.28	-0.28	-0.28	-0.28	-0.28	-0.28	-0.28	-0.28	-0.28	-0.28	-0.28
105.00	-0.31	-0.31	-0.31	-0.31	-0.31	-0.31	-0.31	-0.31	-0.31	-0.31	-0.31	-0.31	-0.31	-0.31	-0.31	-0.31	-0.31	-0.31	-0.31	-0.31
106.00	-0.33	-0.34	-0.34	-0.34	-0.34	-0.34	-0.34	-0.34	-0.34	-0.34	-0.34	-0.34	-0.34	-0.34	-0.34	-0.34	-0.34	-0.34	-0.34	-0.34
107.00	-0.36	-0.36	-0.36	-0.36	-0.36	-0.36	-0.36	-0.36	-0.36	-0.36	-0.36	-0.36	-0.36	-0.36	-0.36	-0.36	-0.36	-0.36	-0.36	-0.36
108.00	-0.39	-0.39	-0.39	-0.39	-0.39	-0.39	-0.39	-0.39	-0.39	-0.39	-0.39	-0.39	-0.39	-0.39	-0.39	-0.39	-0.39	-0.39	-0.39	-0.39
109.00	-0.42	-0.42	-0.42	-0.42	-0.42	-0.42	-0.42	-0.42	-0.42	-0.42	-0.42	-0.42	-0.42	-0.42	-0.42	-0.42	-0.42	-0.42	-0.42	-0.42
110.00	-0.44	-0.45	-0.45	-0.45	-0.45	-0.45	-0.45	-0.45	-0.45	-0.45	-0.45	-0.45	-0.45	-0.45	-0.45	-0.45	-0.45	-0.45	-0.45	-0.45
111.00	-0.47	-0.47	-0.47	-0.47	-0.47	-0.47	-0.47	-0.47	-0.47	-0.47	-0.47	-0.47	-0.47	-0.47	-0.47	-0.47	-0.47	-0.47	-0.47	-0.47
112.00	-0.49	-0.50	-0.50	-0.50	-0.50	-0.50	-0.50	-0.50	-0.50	-0.50	-0.50	-0.50	-0.50	-0.50	-0.50	-0.50	-0.50	-0.50	-0.50	-0.50
113.00	-0.52	-0.52	-0.52	-0.52	-0.52	-0.52	-0.52	-0.52	-0.52	-0.52	-0.52	-0.52	-0.52	-0.52	-0.52	-0.52	-0.52	-0.52	-0.52	-0.52
114.00	-0.54	-0.55	-0.55	-0.55	-0.55	-0.55	-0.55	-0.55	-0.55	-0.55	-0.55	-0.55	-0.55	-0.55	-0.55	-0.55	-0.55	-0.55	-0.55	-0.55
115.00	-0.57	-0.57	-0.57	-0.57	-0.57	-0.57	-0.57	-0.57	-0.57	-0.57	-0.57	-0.57	-0.57	-0.57	-0.57	-0.57	-0.57	-0.57	-0.57	-0.57
116.00	-0.59	-0.59	-0.59	-0.59	-0.59	-0.59	-0.59	-0.59	-0.59	-0.59	-0.59	-0.59	-0.59	-0.59	-0.59	-0.59	-0.59	-0.59	-0.59	-0.59
117.00	-0.61	-0.61	-0.61	-0.61	-0.61	-0.61	-0.61	-0.61	-0.61	-0.61	-0.61	-0.61	-0.61	-0.61	-0.61	-0.61	-0.61	-0.61	-0.61	-0.61
118.00	-0.63	-0.64	-0.64	-0.64	-0.64	-0.64	-0.64	-0.64	-0.64	-0.64	-0.64	-0.64	-0.64	-0.64	-0.64	-0.64	-0.64	-0.64	-0.64	-0.64
119.00	-0.65	-0.66	-0.66	-0.66	-0.66	-0.66	-0.66	-0.66	-0.66	-0.66	-0.66	-0.66	-0.66	-0.66	-0.66	-0.66	-0.66	-0.66	-0.66	-0.66
120.00	-0.67	-0.68	-0.68	-0.68	-0.68	-0.68	-0.68	-0.68	-0.68	-0.68	-0.68	-0.68	-0.68	-0.68	-0.68	-0.68	-0.68	-0.68	-0.68	-0.68
121.00	-0.69	-0.69	-0.69	-0.69	-0.69	-0.69	-0.69	-0.69	-0.69	-0.69	-0.69	-0.69	-0.69	-0.69	-0.69	-0.69	-0.69	-0.69	-0.69	-0.69
122.00	-0.71	-0.71	-0.71	-0.71	-0.71	-0.71	-0.71	-0.71	-0.71	-0.71	-0.71	-0.71	-0.71	-0.71	-0.71	-0.71	-0.71	-0.71	-0.71	-0.71
123.00	-0.73	-0.73	-0.73	-0.73	-0.73	-0.73	-0.73	-0.73	-0.73	-0.73	-0.73	-0.73	-0.73	-0.73	-0.73	-0.73	-0.73	-0.73	-0.73	-0.73
124.00	-0.74	-0.75	-0.75	-0.75	-0.75	-0.75	-0.75	-0.75	-0.75	-0.75	-0.75	-0.75	-0.75	-0.75	-0.75	-0.75	-0.75	-0.75	-0.75	-0.75
125.00	-0.76	-0.76	-0.76	-0.76	-0.76	-0.76	-0.76	-0.76	-0.76	-0.76	-0.76	-0.76	-0.76	-0.76	-0.76	-0.76	-0.76	-0.76	-0.76	-0.76
126.00	-0.77	-0.77	-0.77	-0.77	-0.77	-0.77	-0.77	-0.77	-0.77	-0.77	-0.77	-0.77	-0.77	-0.77	-0.77	-0.77	-0.77	-0.77	-0.77	-0.77
127.00	-0.78	-0.79	-0.79	-0.79	-0.79	-0.79	-0.79	-0.79	-0.79	-0.79	-0.79	-0.79	-0.79	-0.79	-0.79	-0.79	-0.79	-0.79	-0.79	-0.79
128.00	-0.80	-0.80	-0.80	-0.80	-0.80	-0.80	-0.80	-0.80	-0.80	-0.80	-0.80	-0.80	-0.80	-0.80	-0.80	-0.80	-0.80	-0.80	-0.80	-0.80
129.00	-0.81	-0.81	-0.81	-0.81	-0.81	-0.81	-0.81	-0.81	-0.81	-0.81	-0.81	-0.81	-0.81	-0.81	-0.81	-0.81	-0.81	-0.81	-0.81	-0.81
130.00	-0.82	-0.82	-0.82	-0.82	-0.82	-0.82	-0.82	-0.82	-0.82	-0.82	-0.82	-0.82	-0.82	-0.82	-0.82	-0.82	-0.82	-0.82	-0.82	-0.82
131.00	-0.83	-0.83	-0.83	-0.83	-0.83	-0.83	-0.83	-0.83	-0.83	-0.83	-0.83	-0.83	-0.83	-0.83	-0.83	-0.83	-0.83	-0.83	-0.83	-0.83
132.00	-0.81	-0.84	-0.84	-0.84	-0.84	-0.84	-0.84	-0.84	-0.84	-0.84	-0.84	-0.84	-0.84	-0.84	-0.84	-0.84	-0.84	-0.84	-0.84	-0.84
133.00	-0.82	-0.84	-0.84	-0.84	-0.84	-0.84	-0.84	-0.84	-0.84	-0.84	-0.84	-0.84	-0.84	-0.84	-0.84	-0.84	-0.84	-0.84	-0.84	-0.84
134.00	-0.82	-0.85	-0.85	-0.85	-0.85	-0.85	-0.85	-0.85	-0.85	-0.85	-0.85	-0.85	-0.85	-0.85	-0.85	-0.85	-0.85	-0.85	-0.85	-0.85
135.00	-0.83	-0.85	-0.85	-0.85	-0.85	-0.85	-0.85	-0.85	-0.85	-0.85	-0.85	-0.85	-0.85	-0.85	-0.85	-0.85	-0.85	-0.85	-0.85	-0.85
136.00	-0.83	-0.86	-0.86	-0.86	-0.86	-0.86	-0.86	-0.86	-0.86	-0.86	-0.86	-0.86	-0.86	-0.86	-0.86	-0.86	-0.86	-0.86	-0.86	-0.86
137.00	-0.83	-0.86	-0.86	-0.86	-0.86	-0.86	-0.86	-0.86	-0.86	-0.86	-0.86	-0.86	-0.86	-0.86	-0.86	-0.86	-0.86	-0.86	-0.86	-0.86
138.00	-0.84	-0.86	-0.86	-0.86	-0.86	-0.86	-0.86	-0.86	-0.86	-0.86	-0.86	-0.86	-0.86	-0.86	-0.86	-0.86	-0.86	-0.86	-0.86	-0.86
139.00	-0.84	-0.86	-0.86	-0.86	-0.86	-0.86	-0.86	-0.86	-0.86	-0.86	-0.86	-0.86	-0.86	-0.86	-0.86	-0.86	-0.86	-0.86	-0.86	-0.86
140.00	-0.84	-0.86	-0.86	-0.86	-0.86	-0.86	-0.86	-0.86	-0.86	-0.86	-0.86	-0.86	-0.86	-0.86	-0.86	-0.86	-0.86	-0.86	-0.86	-0.86
141.00	-0.83	-0.85	-0.85	-0.85	-0.85	-0.85	-0.85	-0.85	-0.85	-0.85	-0.85	-0.85	-0.85	-0.85	-0.85	-0.85	-0.85	-0.85	-0.85	-0.85
142.00	-0.83	-0.85	-0.85	-0.85	-0.85	-0.85	-0.85	-0.85	-0.85	-0.85	-0.85	-0.85	-0.85	-0.85	-0.85	-0.85	-0.85	-0.85	-0.85	-0.85
143.00	-0.83	-0.85	-0.85	-0.85	-0.85	-0.85	-0.84	-0.84	-0.84	-0.84	-0.84	-0.84	-0.84	-0.85	-0.85	-0.85	-0.85	-0.85	-0.85	-0.85
144.00	-0.82	-0.84	-0.84	-0.84	-0.84	-0.84	-0.84	-0.84	-0.84	-0.84	-0.84	-0.84	-0.84	-0.84	-0.84	-0.84	-0.84	-0.84	-0.84	-0.84
145.00	-0.81	-0.83	-0.83	-0.83	-0.83	-0.83	-0.83	-0.83	-0.83	-0.83	-0.83	-0.83	-0.83	-0.83	-0.83	-0.83	-0.83	-0.83	-0.83	-0.83
146.00	-0.81	-0.82	-0.82	-0.82	-0.82	-0.82	-0.82	-0.82	-0.82	-0.82	-0.82	-0.82	-0.82	-0.82	-0.82	-0.82	-0.82	-0.82	-0.82	-0.82
147.00	-0.80	-0.81	-0.81	-0.81	-0.81	-0.81	-0.81	-0.81	-0.81	-0.81	-0.81	-0.81	-0.81	-0.81	-0.81	-0.81	-0.81	-0.81	-0.81	-0.81
148.00	-0.79	-0.80	-0.80	-0.80	-0.80	-0.80	-0.80	-0.80	-0.80	-0.80	-0.80	-0.80	-0.80	-0.80	-0.80	-0.80	-0.80	-0.80	-0.80	-0.80
149.00	-0.78	-0.79	-0.79	-0.79	-0.79	-0.79	-0.79	-0.79	-0.79	-0.79	-0.79	-0.79	-0.79	-0.79	-0.79	-0.79	-0.79	-0.79	-0.79	-0.79
150.00	-0.77	-0.78	-0.78	-0.78	-0.78	-0.78	-0.78	-0.78	-0.78	-0.78	-0.78	-0.78	-0.78	-0.78	-0.78	-0.78	-0.78	-0.78	-0.78	-0.78
151.00	-0.76	-0.77	-0.77	-0.77	-0.77	-0.77	-0.77	-0.77	-0.77	-0.77	-0.77	-0.77	-0.77	-0.77	-0.77	-0.77	-0.77	-0.77	-0.77	-0.77
152.00	-0.74	-0.75	-0.75	-0.75	-0.75	-0.75	-0.75	-0.75	-0.75	-0.75	-0.75	-0.75	-0.75	-0.75	-0.75	-0.75	-0.75	-0.75	-0.75	-0.75
153.00	-0.73	-0.74	-0.74	-0.74	-0.74	-0.74	-0.74	-0.74	-0.74	-0.74	-0.74	-0.74	-0.74	-0.74	-0.74	-0.74	-0.74	-0.74	-0.74	-0.74
154.00	-0.72	-0.72	-0.72	-0.72	-0.72	-0.72	-0.72	-0.72	-0.72	-0.72	-0.72	-0.72	-0.72	-0.72	-0.72	-0.72	-0.72	-0.72	-0.72	-0.72
155.00	-0.70	-0.70	-0.70	-0.70	-0.70	-0.70	-0.70	-0.70	-0.70	-0.70	-0.70	-0.70	-0.70	-0.70	-0.70	-0.70	-0.70	-0.70	-0.70	-0.70
156.00	-0.69	-0.68	-0.68	-0.68	-0.68	-0.68	-0.68	-0.68	-0.68	-0.68	-0.68	-0.68	-0.68	-0.68	-0.68	-0.68	-0.68	-0.68	-0.68	-0.68
157.00	-0.67	-0.66	-0.66	-0.66	-0.66	-0.66	-0.67	-0.67	-0.67	-0.67	-0.67	-0.67	-0.66	-0.66	-0.66	-0.66	-0.66	-0.66	-0.66	-0.66
158.00	-0.65	-0.64	-0.65	-0.65	-0.65	-0.65	-0.65	-0.65	-0.65	-0.65	-0.65	-0.65	-0.65	-0.65	-0.65	-0.65	-0.65	-0.65	-0.65	-0.65
159.00	-0.64	-0.62	-0.63	-0.63	-0.63	-0.63	-0.63	-0.63	-0.63	-0.63	-0.63	-0.63	-0.63	-0.63	-0.63	-0.63	-0.63	-0.63	-0.63	-0.63
160.00	-0.62	-0.60	-0.61	-0.61	-0.61	-0.61	-0.61	-0.61	-0.61	-0.61	-0.61	-0.61	-0.61	-0.61	-0.61	-0.61	-0.61	-0.61	-0.60	-0.60
161.00	-0.61	-0.58	-0.58	-0.59	-0.59	-0.59	-0.59	-0.59	-0.59	-0.59	-0.59	-0.59	-0.59	-0.59	-0.58	-0.58	-0.58	-0.58	-0.58	-0.58
162.00	-0.59	-0.56	-0.56	-0.56	-0.57	-0.57	-0.57	-0.57	-0.57	-0.57	-0.57	-0.57	-0.57	-0.56	-0.56	-0.56	-0.56	-0.56	-0.56	-0.56
163.00	-0.58	-0.54	-0.54	-0.54	-0.55	-0.55	-0.55	-0.55	-0.55	-0.55	-0.55	-0.55	-0.55	-0.54	-0.54	-0.54	-0.54	-0.54	-0.54	-0.54
164.00	-0.58	-0.52	-0.52	-0.53	-0.53	-0.53	-0.53	-0.53	-0.53	-0.53	-0.53	-0.53	-0.53	-0.53	-0.52	-0.52	-0.52	-0.52	-0.52	-0.52
165.00	-0.58	-0.50	-0.51	-0.51	-0.51	-0.51	-0.51	-0.51	-0.51	-0.51	-0.51	-0.51	-0.51	-0.51	-0.51	-0.51	-0.51	-0.50	-0.50	-0.50
166.00	-0.61	-0.48	-0.49	-0.49	-0.49	-0.49	-0.49	-0.49	-0.50	-0.50	-0.50	-0.49	-0.49	-0.49	-0.49	-0.49	-0.49	-0.49	-0.49	-0.49
167.00	-0.70	-0.46	-0.48	-0.48	-0.48	-0.48	-0.48	-0.48	-0.48	-0.48	-0.48	-0.48	-0.48	-0.48	-0.48	-0.48	-0.47	-0.47	-0.47	-0.47
168.00	-1.25	-0.44	-0.47	-0.47	-0.47	-0.47	-0.48	-0.48	-0.48	-0.48	-0.48	-0.48	-0.47	-0.47	-0.47	-0.47	-0.46	-0.46	-0.46	-0.46
169.00	0.60	-0.43	-0.46	-0.47	-0.47	-0.47	-0.48	-0.48	-0.48	-0.48	-0.48	-0.48	-0.48	-0.47	-0.47	-0.46	-0.46	-0.46	-0.45	-0.45
170.00	-0.01	-0.41	-0.46	-0.47	-0.48	-0.48	-0.49	-0.49	-0.50	-0.50	-0.50	-0.50	-0.49	-0.48	-0.48	-0.47	-0.46	-0.46	-0.45	-0.45
171.00	-0.11	-0.40	-0.47	-0.49	-0.50	-0.51	-0.52	-0.52	-0.54	-0.54	-0.54	-0.54	-0.52	-0.51	-0.50	-0.49	-0.48	-0.47	-0.46	-0.46
172.00	-0.14	-0.38	-0.49	-0.51	-0.53	-0.54	-0.56	-0.56	-0.59	-0.61	-0.61	-0.60	-0.58	-0.56	-0.54	-0.52	-0.51	-0.49	-0.48	-0.47
173.00	-0.14	-0.36	-0.49	-0.53	-0.57	-0.58	-0.62	-0.62	-0.67	-0.70	-0.71	-0.69	-0.66	-0.62	-0.59	-0.57	-0.54	-0.52	-0.51	-0.49
174.00	-0.13	-0.33	-0.48	-0.53	-0.58	-0.60	-0.65	-0.66	-0.75	-0.80	-0.81	-0.80	-0.74	-0.69	-0.65	-0.61	-0.58	-0.55	-0.53	-0.51
175.00	-0.11	-0.29	-0.44	-0.49	-0.55	-0.57	-0.64	-0.65	-0.77	-0.84	-0.87	-0.85	-0.78	-0.72	-0.66	-0.61	-0.58	-0.54	-0.52	-0.50
176.00	-0.09	-0.24	-0.37	-0.42	-0.47	-0.49	-0.56	-0.57	-0.70	-0.77	-0.81	-0.80	-0.73	-0.66	-0.61	-0.56	-0.52	-0.49	-0.47	-0.45
177.00	-0.07	-0.18	-0.28	-0.32	-0.36	-0.38	-0.44	-0.45	-0.55	-0.61	-0.65	-0.64	-0.58	-0.53	-0.49	-0.45	-0.42	-0.39	-0.37	-0.36
178.00	-0.05	-0.12	-0.19	-0.21	-0.24	-0.25	-0.29	-0.30	-0.37	-0.41	-0.44	-0.44	-0.39	-0.36	-0.33	-0.30	-0.28	-0.27	-0.25	-0.25
179.00	-0.02	-0.06	-0.10	-0.11	-0.12	-0.13	-0.15	-0.15	-0.18	-0.21	-0.22	-0.22	-0.20	-0.18	-0.17	-0.15	-0.14	-0.13	-0.13	-0.12
180.00	0.00	0.00	0.00	0.00	0.00	0.00	0.00	0.00	0.00	0.00	0.00	0.00	0.00	0.00	0.00	0.00	0.00	0.00	0.00	0.00
